id_region	name_region	xcoord	ycoord	zcoord	poprisk	ncases
1	Abrantes	-5332.936493	-18739.44301	0	35377	17
2	Agueda	-24009.77557	100641.937	0	45992	65
3	Aguiar da Beira	50540.02485	122094.8462	0	4740	NA
4	Alandroal	60012.72226	-116382.1782	0	5064	NA
5	Albergaria-a-Velha	-29294.84805	113819.3784	0	24128	91
6	Albufeira	-8581.783225	-285532.7135	0	41123	76
7	Alcacer do Sal	-35022.49745	-147084.9542	0	11712	7
8	Alcanena	-46136.36495	-22444.54856	0	12860	9
9	Alcobaca	-73911.2386	-12173.58433	0	53641	40
10	Alcochete	-63526.17575	-105740.085	0	19505	23
11	Alcoutim	40198.17614	-244840.8112	0	2244	NA
12	Alenquer	-74655.55869	-67029.85515	0	43596	93
13	Alfandega da Fe	99151.14465	187032.3032	0	4568	6
14	Alijo	56350.35521	179659.5433	0	10703	4
15	Aljezur	-58508.10058	-262597.8555	0	5599	NA
16	Aljustrel	-1445.1392	-198964.5794	0	8285	NA
17	Almada	-89263.31233	-111803.1205	0	168987	396
18	Almeida	109682.1838	106069.6752	0	5926	4
19	Almeirim	-43361.87093	-53263.45203	0	22569	20
20	Almodovar	8702.752199	-239695.5742	0	6746	8
21	Alpiarca	-37765.28578	-47331.31287	0	7087	12
22	Alter do Chao	42127.22085	-52316.48603	0	3191	NA
23	Alvaiazere	-22432.19859	18067.82253	0	6626	24
24	Alvito	11136.85692	-160522.4818	0	2462	NA
25	Amadora	-94422.99586	-100483.9146	0	181724	861
26	Amarante	3835.902925	177540.1596	0	53366	97
27	Amares	-19362.50527	217500.4784	0	18114	78
28	Anadia	-26276.17997	86981.06186	0	27298	43
29	Ansiao	-25063.28032	29896.66795	0	12106	6
30	Arcos de Valdevez	-25063.90567	242216.6729	0	20970	73
31	Arganil	7156.912276	60301.32066	0	11068	8
32	Armamar	38325	158823.217	0	5792	NA
33	Arouca	-11859.09457	140883.6767	0	20861	41
34	Arraiolos	10458.80887	-100229.7662	0	6944	NA
35	Arronches	77004.08857	-63680.92782	0	2860	NA
36	Arruda dos Vinhos	-81153.4196	-74537.51438	0	15082	14
37	Aveiro	-40611.95342	106946.6656	0	77916	338
38	Avis	19913.00761	-66231.00042	0	4249	NA
39	Azambuja	-64971.8735	-60653.43458	0	22445	82
40	Baiao	12382.53415	164557.7068	0	18891	31
41	Barcelos	-39685.96776	208449.7804	0	116531	301
42	Barrancos	94748.63832	-168195.9314	0	1645	NA
43	Barreiro	-80835.38512	-113153.8766	0	75419	230
44	Batalha	-59947.73062	-947.8224922	0	15840	6
45	Beja	20208.57377	-183866.0134	0	33550	15
46	Belmonte	67468.66431	76758.59092	0	6407	NA
47	Benavente	-61410.55157	-92936.46656	0	30214	40
48	Bombarral	-89302.71798	-46042.09458	0	12533	4
49	Borba	59901.26619	-94984.62219	0	6790	NA
50	Boticas	39243.90366	225075.288	0	5059	NA
51	Braga	-23863.42509	208246.6846	0	181919	1225
52	Braganca	114302.8772	240136.3447	0	33586	121
53	Cabeceiras de Basto	8519.5195	204760.037	0	15699	18
54	Cadaval	-78324.50607	-49801.52594	0	13627	10
55	Caldas da Rainha	-81659.0364	-33028.08241	0	51540	29
56	Caminha	-59988.76338	242223.9904	0	15873	19
57	Campo Maior	94113.26461	-67234.82808	0	7907	NA
58	Cantanhede	-40078.7236	76235.47135	0	35068	71
59	Carrazeda de Ansiaes	69837.09862	175478.432	0	5683	6
60	Carregal do Sal	14968.53395	86276.72652	0	9290	11
61	Cartaxo	-57594.64527	-55611.44472	0	23740	62
62	Cascais	-112503.5726	-106582.295	0	212474	575
63	Castanheira de Pera	-5353.864317	39048.93215	0	2650	NA
64	Castelo Branco	56731.87641	17420.48909	0	52192	17
65	Castelo de Paiva	-12737.24822	153889.9295	0	15567	20
66	Castelo de Vide	60101.38107	-23303.77748	0	2951	NA
67	Castro Daire	18605.33547	138400.5662	0	13928	104
68	Castro Marim	58125.97485	-270385.8561	0	6274	3
69	Castro Verde	3704.771046	-217077.4032	0	6946	NA
70	Celorico da Beira	61220.84434	105526.5363	0	6978	6
71	Celorico de Basto	7206.200884	193563.8375	0	19075	23
72	Chamusca	-27413.94684	-34168.97956	0	9253	9
73	Chaves	54647.4283	230763.4012	0	39345	26
74	Cinfaes	-2301.618559	153942.8719	0	18470	24
75	Coimbra	-27060.5343	62879.21437	0	133724	585
76	Condeixa-a-Nova	-29453.10852	48054.03275	0	17597	155
77	Constancia	-13841.45334	-20549.95441	0	4002	NA
78	Coruche	-32341.48992	-78669.18372	0	17629	49
79	Covilha	54054.52257	68123.36729	0	47127	7
80	Crato	46384.20586	-41768.02522	0	3185	NA
81	Cuba	21118.29023	-165667.1782	0	4599	4
82	Elvas	84684.05095	-93083.7339	0	20706	10
83	Entroncamento	-29961.0787	-22033.34544	0	21214	8
84	Espinho	-40468.05636	148889.2189	0	29484	91
85	Esposende	-53413.12602	208248.2615	0	34057	47
86	Estarreja	-37696.82212	121442.1834	0	25965	99
87	Estremoz	47051.90157	-91653.16814	0	12816	NA
88	Evora	19562.43144	-121729.4648	0	52454	25
89	Fafe	-3520.570259	197812.5125	0	48271	122
90	Faro	20013.41082	-295453.893	0	60974	66
91	Felgueiras	-5916.385416	187704.727	0	56576	406
92	Ferreira do Alentejo	-4920.274152	-180611.109	0	7848	NA
93	Ferreira do Zezere	-14542.51478	5254.883505	0	7989	NA
94	Figueira da Foz	-60123.66245	55987.25677	0	58866	34
95	Figueira de Castelo Rodrigo	98560.1523	138662.6384	0	5652	NA
96	Figueiro dos Vinhos	-11642.6406	24213.67526	0	5608	7
97	Fornos de Algodres	49622.31225	106513.2164	0	4561	3
98	Freixo de Espada a Cinta	110564.6853	160306.8017	0	3312	NA
99	Fronteira	40376.21813	-66201.7912	0	2986	NA
100	Fundao	54492.3905	54139.14879	0	26719	5
101	Gaviao	17962.11643	-23401.3639	0	3347	NA
102	Gois	1060.142983	51815.39997	0	3825	10
103	Golega	-29598.41702	-28727.05382	0	5375	NA
104	Gondomar	-33636.09628	166364.5237	0	165631	1083
105	Gouveia	44471.75247	93988.54246	0	12486	22
106	Grandola	-37461.4102	-164845.8027	0	14570	11
107	Guarda	74801.80436	96882.89481	0	39103	25
108	Guimaraes	-14968.34327	196575.5918	0	152792	716
109	Idanha-a-Nova	80157.72262	26651.89256	0	8157	NA
110	Ilhavo	-49312.97192	107907.7013	0	38405	133
111	Lagoa	-27568.3924	-283317.8574	0	22748	9
112	Lagos	-49227.72333	-283520.418	0	30442	4
113	Lamego	27669.59575	158801.7563	0	24959	39
114	Leiria	-59174.84204	10907.50829	0	124857	84
115	Lisboa	-88617.81566	-102843.3935	0	507220	2409
116	Loule	5661.369885	-279651.3643	0	68873	70
117	Loures	-86487.96255	-94845.83869	0	211359	1066
118	Lourinha	-100966.6325	-45464.12136	0	25670	9
119	Lousa	-8214.904271	48711.6877	0	17128	20
120	Lousada	-11613.01144	179588.6102	0	46790	337
121	Macao	9663.082127	-11052.81803	0	6323	NA
122	Macedo de Cavaleiros	97405.62711	208237.0937	0	14550	22
123	Mafra	-104231.0675	-78340.18856	0	84008	131
124	Maia	-40624.61775	173958.0795	0	137727	944
125	Mangualde	31966.23709	104283.4065	0	18618	78
126	Manteigas	51460.4635	83919.82556	0	3037	7
127	Marco de Canaveses	-1597.408173	167395.1205	0	51661	90
128	Marinha Grande	-70435.64515	11397.39453	0	38404	18
129	Marvao	64809.46796	-34023.5749	0	3054	NA
130	Matosinhos	-42774.78762	171162.9082	0	174382	1280
131	Mealhada	-26327.42073	79301.74217	0	19892	18
132	Meda	73883.5617	144875.6573	0	4617	NA
133	Melgaco	-8527.30325	270843.6546	0	8144	63
134	Mertola	41150.3469	-218200.0014	0	6202	NA
135	Mesao Frio	21529.38945	166117.0319	0	3996	NA
136	Mira	-51567.95938	83026.11941	0	11831	6
137	Miranda do Corvo	-16631.40441	47736.15927	0	12687	17
138	Miranda do Douro	149663.5505	202812.2022	0	6877	10
139	Mirandela	79786.56793	201236.4494	0	21808	21
140	Mogadouro	120027.2751	183331.5124	0	8481	5
141	Moimenta da Beira	44737.92483	146775.9887	0	9729	15
142	Moita	-76583.00718	-113408.4752	0	64526	160
143	Moncao	-24976.05679	264020.8868	0	17902	116
144	Monchique	-39324.47451	-259586.6482	0	5182	NA
145	Mondim de Basto	15429.24522	192583.3552	0	6985	NA
146	Monforte	62236.73011	-70479.97859	0	2989	NA
147	Montalegre	22434.7341	230859.7529	0	9090	NA
148	Montemor-o-Novo	-7262.658401	-111645.837	0	15740	8
149	Montemor-o-Velho	-42239.71729	61501.28182	0	25230	30
150	Montijo	-74672.63652	-106323.8043	0	56887	120
151	Mora	-4247.22024	-79379.28195	0	4188	NA
152	Mortagua	-5703.162675	78004.3234	0	8856	11
153	Moura	64207.72074	-170277.1311	0	13749	71
154	Mourao	73152.56018	-144243.471	0	2456	NA
155	Murca	56871.52481	193902.4794	0	5480	20
156	Murtosa	-44013.97577	118703.706	0	10244	17
157	Nazare	-79357.5348	-5968.332643	0	14180	3
158	Nelas	23504.90411	94712.70026	0	13030	19
159	Nisa	43080.58632	-16644.52075	0	6149	NA
160	Obidos	-89107.42503	-32775.16131	0	11719	NA
161	Odemira	-41631.13576	-227851.9309	0	24621	11
162	Odivelas	-91165.69448	-96846.78409	0	159602	565
163	Oeiras	-96477.82921	-106005.0941	0	176218	443
164	Oleiros	20206.77865	28688.2274	0	5045	NA
165	Olhao	27604.80924	-290854.0543	0	44607	14
166	Oliveira de Azemeis	-29640.417	130485.9711	0	66113	210
167	Oliveira de Frades	-4653.363943	117981.9939	0	9920	12
168	Oliveira do Bairro	-34742.33038	96591.53378	0	23944	39
169	Oliveira do Hospital	24133.14443	76305.6725	0	19331	27
170	Ourem	-38290.54159	531.3689485	0	44068	33
171	Ourique	-9832.035731	-224596.7481	0	4653	NA
172	Ovar	-41483.52152	133001.8339	0	54120	662
173	Pacos de Ferreira	-19471.25703	180606.6588	0	56709	310
174	Palmela	-66626.0353	-113956.2555	0	64214	37
175	Pampilhosa da Serra	20559.90154	47197.61326	0	4052	NA
176	Paredes	-22014.8416	170566.4584	0	86072	337
177	Paredes de Coura	-35550.7108	248569.7015	0	8560	7
178	Pedrogao Grande	-2246.830113	31195.3623	0	3429	4
179	Penacova	-13864.93343	68904.11053	0	13812	22
180	Penafiel	-14405.4733	167050.3343	0	69922	171
181	Penalva do Castelo	36006.88985	111883.9002	0	7175	NA
182	Penamacor	86848.72075	56387.7221	0	4831	NA
183	Penedono	62187.49779	147173.8262	0	2610	NA
184	Penela	-21730.03928	38707.68404	0	5439	5
185	Peniche	-107701.5566	-33431.1467	0	26487	11
186	Peso da Regua	28600.32505	167091.2857	0	15830	65
187	Pinhel	89365.0286	123929.2866	0	8607	23
188	Pombal	-43385.60651	27399.35267	0	51684	60
189	Ponte da Barca	-20683.86508	237187.0189	0	11210	6
190	Ponte de Lima	-37529.65904	231315.378	0	41499	29
191	Ponte de Sor	11126.503	-46746.48516	0	15092	NA
192	Portalegre	60472.68684	-41656.16848	0	22359	6
193	Portel	36987.30237	-151431.5859	0	5870	6
194	Portimao	-36255.87536	-275705.504	0	55416	39
195	Porto	-40528.61643	165047.3624	0	215284	1357
196	Porto de Mos	-59296.66737	-6891.336532	0	23288	9
197	Povoa de Lanhoso	-11235.99933	212075.8648	0	21446	61
198	Povoa de Varzim	-50905.59306	190875.3012	0	62510	158
199	Proenca-a-Nova	19768.95115	6750.130342	0	7390	NA
200	Redondo	46256.77859	-113121.5317	0	6387	NA
201	Reguengos de Monsaraz	50689.66186	-138563.2489	0	10036	7
202	Resende	15857.61705	159269.5673	0	10241	64
203	Ribeira de Pena	26257.52512	205308.2178	0	6031	3
204	Rio Maior	-69656.76746	-36340.24043	0	20340	20
205	Sabrosa	46283.24603	175323.9099	0	5917	7
206	Sabugal	88674.77332	75037.04068	0	10748	NA
207	Salvaterra de Magos	-49389.21015	-69667.62474	0	21268	12
208	Santa Comba Dao	-514.63365	82460.50805	0	10506	9
209	Santa Maria da Feira	-35029.79146	142836.3067	0	138525	481
210	Santa Marta de Penaguiao	29415.08247	169985.2428	0	6649	3
211	Santarem	-47945.96446	-47612.04949	0	57398	123
212	Santiago do Cacem	-47476.73212	-185033.5896	0	28725	18
213	Santo Tirso	-24879.96413	186970.0058	0	68221	393
214	Sao Bras de Alportel	22591.30218	-274438.3914	0	10416	3
215	Sao Joao da Madeira	-30105.30817	136348.951	0	21761	77
216	Sao Joao da Pesqueira	59735.83207	163303.9523	0	7154	NA
217	Sao Pedro do Sul	5510.034841	120856.1411	0	15488	9
218	Sardoal	-1604.979	-13507.41981	0	3739	NA
219	Satao	35432.69391	119786.5425	0	11602	8
220	Seia	37939.22692	81268.59689	0	22412	13
221	Seixal	-86726.70782	-116585.387	0	166835	385
222	Sernancelhe	54210.32288	134438.9183	0	5384	6
223	Serpa	50786.52377	-197708.4977	0	14374	14
224	Serta	4127.762391	17339.66723	0	14682	4
225	Sesimbra	-82846.22898	-124115.1878	0	51559	37
226	Setubal	-63238.50005	-127394.7649	0	115758	105
227	Sever do Vouga	-20759.2816	118047.2751	0	11403	43
228	Silves	-18822.01105	-279591.5054	0	36174	22
229	Sines	-57154.33228	-190545.981	0	13631	NA
230	Sintra	-100799.1026	-98610.82438	0	388434	1173
231	Sobral de Monte Agraco	-87233.71451	-73383.55448	0	10490	7
232	Soure	-40932.76458	42839.08353	0	17277	25
233	Sousel	39275.09793	-77925.97032	0	4454	NA
234	Tabua	9326.985727	77172.70805	0	11403	35
235	Tabuaco	47409.86916	160673.6846	0	6017	NA
236	Tarouca	29357.44906	149623.8339	0	7761	NA
237	Tavira	41547.05365	-274419.0056	0	24750	30
238	Terras de Bouro	-9177.14775	225447.6354	0	6405	10
239	Tomar	-22768.68484	-7731.202293	0	36902	12
240	Tondela	4059.592677	94528.72075	0	26548	13
241	Torre de Moncorvo	89293.08154	168323.601	0	7716	23
242	Torres Novas	-36691.90338	-18829.90297	0	34970	20
243	Torres Vedras	-96649.90235	-63082.48287	0	78220	50
244	Trancoso	65144.99131	123922.0681	0	8946	20
245	Trofa	-33544.30223	184485.4603	0	38317	146
246	Vagos	-46740.25389	93195.49674	0	22685	22
247	Vale de Cambra	-20468.10575	127677.3479	0	21399	155
248	Valenca	-42347.53678	261088.0868	0	13283	12
249	Valongo	-34903.2809	171951.7304	0	96570	757
250	Valpacos	69054.88618	214909.0978	0	14932	6
251	Vendas Novas	-29939.49872	-109736.1293	0	11259	8
252	Viana do Alentejo	11642.11798	-147425.1996	0	5142	NA
253	Viana do Castelo	-56883.23452	226277.2717	0	84636	186
254	Vidigueira	30527.74466	-160926.8796	0	5498	NA
255	Vieira do Minho	-1468.883495	216893.4205	0	11898	42
256	Vila de Rei	-1185.78197	17.90678024	0	3321	NA
257	Vila do Bispo	-68224.49519	-285209.8058	0	5154	NA
258	Vila do Conde	-48911.0546	185400.7442	0	79579	294
259	Vila Flor	83739.09576	179456.3078	0	6073	4
260	Vila Franca de Xira	-78687.28533	-84268.08836	0	141603	413
261	Vila Nova da Barquinha	-25433.69478	-22230.46301	0	7402	NA
262	Vila Nova de Cerveira	-49882.95462	252988.655	0	8877	9
263	Vila Nova de Famalicao	-31110.88544	192270.5418	0	131738	400
264	Vila Nova de Foz Coa	82682.34104	159697.499	0	6541	72
265	Vila Nova de Gaia	-40151.28834	159891.2541	0	299938	1567
266	Vila Nova de Paiva	32689.22588	131161.5346	0	4723	NA
267	Vila Nova de Poiares	-10765.18704	59589.4313	0	6929	7
268	Vila Pouca de Aguiar	42002.42192	203786.3286	0	12009	6
269	Vila Real	32921.80456	181566.2896	0	49868	154
270	Vila Real de Santo Antonio	63131.8999	-275056.1676	0	18888	13
271	Vila Velha de Rodao	38984.5364	1631.093535	0	3167	NA
272	Vila Verde	-25616.19217	219845.4452	0	46865	233
273	Vila Vicosa	62840.6109	-99256.22949	0	7719	NA
274	Vimioso	134442.3885	213772.2961	0	4070	11
275	Vinhais	92930.91737	240028.8394	0	7847	30
276	Viseu	19004.45525	110313.1845	0	96991	101
277	Vizela	-14590.57935	189699.0916	0	23840	140
278	Vouzela	3032.851503	113799.36	0	9661	8
